Sample_Index,Zone_ID,Cluster_1,Cluster_2,Cluster_3,Cluster_4,Is_Medoid
0,2,0.11928167447929251,0.0004915625649785494,0.0018051576024739298,0.878421605353255,0
1,3,0.11214015390284654,0.00041374144130588406,0.0017135549967948946,0.8857325496590527,0
2,4,0.4953547673160242,0.02840822880258484,0.12731124809247416,0.3489257557889167,0
3,5,0.11952482488782817,0.0004925654710150067,0.0018088398702651896,0.8781737697708916,0
4,6,0.1203288722936937,0.0004942129932373467,0.0018283023331392414,0.8773486123799297,0
5,7,0.6085698861284896,0.014496401838348612,0.057748669173587765,0.319185042859574,0
6,8,0.11971986773511488,0.0004926925719119539,0.001809525550375343,0.8779779141425978,0
7,9,0.10713126672253387,0.00041933186091836606,0.0016230383279961691,0.8908263630885516,0
8,10,0.28451596770435433,0.0009039142902883331,0.00461609420694896,0.7099640237984083,0
9,11,0.11551508386498195,0.00043917117945080375,0.001770348942270628,0.8822753960132966,0
10,12,0.1182047958000098,0.000476211480083068,0.0017763289793496283,0.8795426637405575,0
11,13,0.506172414543448,0.01578962431513594,0.11525801619211568,0.3627799449493003,0
12,14,0.3315991587669434,0.0010359991467953703,0.005925884414318339,0.6614389576719428,0
13,15,0.11830807050625897,0.0004862790502109451,0.0017871796115036397,0.8794184708320265,0
14,16,0.09999748710748331,0.00037595520605805915,0.0018189168341531915,0.8978076408523054,0
15,17,0.290430769157636,0.001074018330637786,0.007153106976326638,0.7013421055353996,0
16,18,0.17409377501741927,0.0006791729580958049,0.004031089232586299,0.8211959627918985,0
17,19,0.10284559510604217,0.0003794684743644712,0.0015542432381448418,0.8952206931814485,0
18,20,0.08868417186322322,0.0003313226046716538,0.00141293648334517,0.9095715690487599,0
19,21,0.11753683204332459,0.0004702101141184973,0.0017853205810929044,0.880207637261464,0
20,22,0.11300859236562519,0.0004091186105874337,0.0019131247830516005,0.8846691642407358,0
21,23,0.108885960617053,0.0004550849511780536,0.0017058588560386397,0.8889530955757303,0
22,24,0.5376424530181209,0.004576641098048565,0.031354572861435455,0.426426333022395,0
23,25,0.3863347203517273,0.0019148919812893071,0.012309236774223414,0.59944115089276,0
24,26,0.19104113225363303,0.0006827338969094908,0.003482036524859823,0.8047940973245977,0
25,27,0.12017534273991048,0.0004955841711550919,0.0018201207231531178,0.8775089523657813,0
26,28,0.31141941605556417,0.0013301588795519546,0.0078007038850196,0.6794497211798641,0
27,29,0.10608064348957516,0.00039748581554131443,0.0016595998693628934,0.8918622708255205,0
28,30,0.11963720078643254,0.00047270990054855335,0.001809650826846081,0.8780804384861729,0
29,31,0.11440482851526022,0.0004687810178897288,0.0017316117926312747,0.8833947786742188,0
30,32,0.1102328944434636,0.0004431536162686815,0.0016390580854435837,0.8876848938548242,0
31,33,0.2817213071094334,0.000869757876277553,0.004279672764231952,0.713129262250057,0
32,34,0.09442169785845786,0.00035688897922510576,0.0014802621624085944,0.9037411509999084,0
33,35,0.43825654661966973,0.001995580335386746,0.013205351131686376,0.5465425219132571,0
34,36,0.6116817312486708,0.0025776377764795445,0.009773394807004093,0.37596723616784555,0
35,37,1.0,0.0,0.0,0.0,1
36,38,0.12199329198134014,0.00044767038409642085,0.0018416287437316664,0.8757174088908317,0
37,39,0.4634282869740849,0.0014485135418206242,0.008409269753929563,0.526713929730165,0
38,40,0.17305479685142627,0.0006116682433146169,0.002860546547824297,0.8234729883574348,0
39,41,0.488722033475045,0.020564939178261223,0.13211784568094198,0.3585951816657517,0
40,42,0.5543637729750285,0.013759180571374909,0.07068942149290755,0.36118762496068896,0
41,43,0.1792693458581365,0.10652750606202448,0.5512672962224308,0.16293585185740833,0
42,44,0.11952482488782817,0.0004925654710150067,0.0018088398702651896,0.8781737697708916,0
43,45,0.43061143225493465,0.0016994641821657449,0.008685320245602203,0.5590037833172975,0
44,46,0.11869103547527585,0.0004876895443182873,0.0017911528473692731,0.8790301221330366,0
45,47,0.13757912029653763,0.0004636348649256217,0.0019732772008309177,0.8599839676377059,0
46,48,0.09625100634284163,0.5973489578797199,0.2468506337015465,0.059549402075892086,0
47,49,0.2681034806776618,0.0009352016856885981,0.005075523814600763,0.7258857938220488,0
48,50,0.44756263926120454,0.029832835368892918,0.1902118759781201,0.3323926493917825,0
49,51,0.2536393129359224,0.0008845419372339286,0.0051791573590836675,0.7402969877677601,0
50,52,0.11878194357709242,0.00043577034134345544,0.0016863352151878766,0.8790959508663762,0
51,53,0.12286774934571915,0.0004992996583266776,0.002720157568579848,0.8739127934273743,0
52,54,0.10521123148596113,0.00041692906175391846,0.0015816600044316295,0.8927901794478533,0
53,55,0.12610195799311452,0.00044039778175892043,0.001932925855315383,0.8715247183698113,0
54,56,0.1915524255472901,0.0006184608070313963,0.0030175128985101105,0.8048116007471684,0
55,57,0.11314008932694786,0.00042746474595483486,0.001796805066378432,0.8846356408607188,0
56,58,0.1164028915136556,0.0004654088255658314,0.0017341629233414801,0.8813975367374371,0
57,59,0.11966705713157225,0.0004931091106899313,0.0018108837691455243,0.8780289499885923,0
58,60,0.12886861350152623,0.0004657933742408798,0.0021391925370549823,0.8685264005871778,0
59,61,0.5662787866564236,0.004471859194726845,0.030199711330458127,0.39904964281839145,0
60,62,0.2941262693811951,0.0009562383481336009,0.005082596954232833,0.6998348953164384,0
61,63,0.2355678164315086,0.0008490585920998826,0.005032325850855171,0.7585507991255364,0
62,64,0.12017032189122237,0.0004900521698455591,0.0018252726429451927,0.8775143532959868,0
63,65,0.29110255795555257,0.0009760447625231785,0.005819681215787983,0.7021017160661362,0
64,66,0.17442254055463444,0.0006010353381555462,0.002534805651674764,0.8224416184555352,0
65,67,0.1073097385411317,0.00043120200249169917,0.0016091966767995537,0.890649862779577,0
66,68,0.06913960220420311,0.6216840768060967,0.27546914100285225,0.03370717998684797,0
67,69,0.14394092292838442,0.0004698870746113344,0.0020401120762619093,0.8535490779207423,0
68,71,0.29792077517936216,0.0009682919046011558,0.004687514728000182,0.6964234181880365,0
69,72,0.3674554080055479,0.0015759450871920572,0.009077019598598196,0.621891627308662,0
70,73,0.10433092521918634,0.0004157382122532066,0.0016092889003045943,0.8936440476682559,0
71,74,0.49545393398920845,0.03274432610592942,0.1380380000071154,0.33376373989774677,0
72,75,0.29440303341733365,0.09385463756862011,0.33874737548628336,0.2729949535277629,0
73,76,0.5763410832126505,0.005023133566484813,0.031922116515453396,0.38671366670541135,0
74,77,0.19309109052238776,0.0006539685269976164,0.00334432302127695,0.8029106179293377,0
75,78,0.13445686958801312,0.00047839931532060764,0.0020396879867060663,0.8630250431099602,0
76,79,0.1364760456849462,0.4955137239661099,0.2719646452747554,0.09604558507418844,0
77,80,0.5923322825504365,0.007522640356822341,0.026845639795785626,0.37329943729695547,0
78,81,0.12326463928850405,0.0004659664133668475,0.002528121666785858,0.8737412726313433,0
79,82,0.5736195715502663,0.011853420989596906,0.040990585561501106,0.3735364218986356,0
80,83,0.21707650473496987,0.0006357432357092949,0.0031985728638015713,0.7790891791655193,0
81,84,0.11952482488782817,0.0004925654710150067,0.0018088398702651896,0.8781737697708916,0
82,85,0.32031141847155364,0.0011540377886421899,0.007312929148021171,0.6712216145917831,0
83,86,0.1490064609661699,0.0005626367800715198,0.0022032642578529078,0.8482276379959057,0
84,87,0.4726819105891635,0.025178446201964858,0.18476991837360543,0.31736972483526626,0
85,88,0.5496078078027933,0.0035061943169239973,0.022612118986100282,0.4242738788941825,0
86,89,0.4212057104740659,0.0018527218539480562,0.011668807921266879,0.5652727597507191,0
87,90,0.08488979992220531,0.20531769705364775,0.655243571332842,0.054548931691305036,0
88,91,0.3088908205464161,0.0010450473673617035,0.005182353069543612,0.6848817790166787,0
89,92,0.23935625062374524,0.000793213829140436,0.004448107002425894,0.7554024285446884,0
90,93,0.15676329859408175,0.00047772603445161266,0.0022773879904761105,0.8404815873809905,0
91,94,0.10604701197014549,0.0004042102291679989,0.001616133425199022,0.8919326443754876,0
92,95,0.41975831054158264,0.001341351427989022,0.008152599635962222,0.5707477383944661,0
93,96,0.11795283477617022,0.00048606200633266117,0.0017850358586034346,0.8797760673588937,0
94,97,0.3641915000307339,0.0011998289791212207,0.007295057410171087,0.6273136135799738,0
95,98,0.11284918200499518,0.00042362410160426937,0.0018311035331339427,0.8848960903602665,0
96,99,0.11952482488782817,0.0004925654710150067,0.0018088398702651896,0.8781737697708916,0
97,100,0.16045800823690412,0.27980037813271,0.43954983319006224,0.12019178044032357,0
98,101,0.14415546054412806,0.0005261650363053113,0.0025407723361767485,0.8527776020833899,0
99,102,0.12609613108519935,0.0004108604805598574,0.001737284230402557,0.8717557242038383,0
100,103,0.11952482488782817,0.0004925654710150067,0.0018088398702651896,0.8781737697708916,0
101,104,0.11952482488782817,0.0004925654710150067,0.0018088398702651896,0.8781737697708916,0
102,105,0.11952482488782817,0.0004925654710150067,0.0018088398702651896,0.8781737697708916,0
103,106,0.14794141278394046,0.0004831964973080826,0.00229177771876614,0.8492836129999853,0
104,107,0.07437365875020369,0.4087783691453182,0.4744383979037821,0.04240957420069604,0
105,108,0.10711837369504278,0.00042520962535137145,0.0016310777763772271,0.8908253389032287,0
106,109,0.11952482488782817,0.0004925654710150067,0.0018088398702651896,0.8781737697708916,0
107,110,0.11952482488782817,0.0004925654710150067,0.0018088398702651896,0.8781737697708916,0
108,111,0.11881053015906975,0.0004893274952064204,0.0017970462680529046,0.878903096077671,0
109,112,0.3935908502172698,0.001153336220125822,0.006651679591857882,0.5986041339707465,0
110,113,0.12123919886618381,0.09586073631492158,0.681278561769664,0.10162150304923073,0
111,114,0.09326831700235322,0.5649693438069535,0.26048406979924793,0.08127826939144532,0
112,115,0.11373303214476893,0.000457680973222891,0.0018356055066114914,0.8839736813753967,0
113,116,0.550129572868053,0.004041226588363898,0.023954750480381284,0.42187445006320184,0
114,117,0.13062829888324093,0.000543703379960494,0.0021781940510040387,0.8666498036857946,0
115,118,0.11040754294841407,0.00044064979500703686,0.0017585330269673499,0.8873932742296116,0
116,119,0.12857118021825195,0.0004940790820530146,0.001958103182889882,0.8689766375168051,0
117,120,0.11801151608595185,0.0004842635638791667,0.0017791108552804864,0.8797251094948885,0
118,121,0.14820404994251243,0.00048024606260550616,0.0020622041697928753,0.8492534998250892,0
119,122,0.12172741573360418,0.00042925413369419017,0.0019982748432574183,0.8758450552894442,0
120,123,0.11602456047772504,0.00046740296694241086,0.0017283703909458836,0.8817796661643867,0
121,124,0.10882179619457448,0.0004429663502818071,0.0017902507736152395,0.8889449866815284,0
122,125,0.4263653119317461,0.04497767573436863,0.21441725446718385,0.3142397578667014,0
123,126,0.13545771032000567,0.0004680338401718769,0.0019934327454976305,0.8620808230943248,0
124,127,0.0,0.0,0.0,1.0,1
125,128,0.11633569840250907,0.00047855767718845777,0.0017579654301948305,0.8814277784901077,0
126,129,0.5924944059428764,0.013054464803523711,0.060550790319906,0.33390033893369375,0
127,130,0.568626404494358,0.008405141946074713,0.04140639034279091,0.3815620632167764,0
128,131,0.17295701781957562,0.0006031028847876495,0.002915652720187416,0.8235242265754492,0
129,133,0.23617657111586438,0.0008081091057554028,0.004513930962393848,0.7585013888159864,0
130,134,0.17554932174208124,0.0005575301940693229,0.002842053804288372,0.821051094259561,0
131,135,0.14238247791792796,0.000537801631660569,0.0021380748773272423,0.8549416455730843,0
132,136,0.11363571914751616,0.0004396051532281324,0.001682672228751449,0.8842420034705043,0
133,137,0.1805875907918504,0.11169521400144848,0.5765303134035803,0.1311868818031208,0
134,139,0.11439844662187976,0.00042860174650919655,0.0016987127250499624,0.8834742389065612,0
135,140,0.12751800070581115,0.33976514361399707,0.47728935651447285,0.055427499165718895,0
136,141,0.11359471110495448,0.45100183276335043,0.3864912537642545,0.04891220236744061,0
137,142,0.10547819637193799,0.5805730940507033,0.2682044331292693,0.04574427644808935,0
138,143,0.18835933317610284,0.12521269275010843,0.5156923901928265,0.17073558388096216,0
139,144,0.14332700797988085,0.2613821753395595,0.46376732195156944,0.13152349472899016,0
140,145,0.5958449162068065,0.007845689584287753,0.04161105926399094,0.35469833494491476,0
141,146,0.4521448432927896,0.0019803191042829754,0.013188077252026717,0.5326867603509008,0
142,147,0.12631586263709244,0.0004709477579092153,0.001935260165948894,0.8712779294390494,0
143,148,0.1346315809674644,0.4414737125153561,0.3038465627730457,0.12004814374413382,0
144,149,0.10393054761015617,0.00038638625561801846,0.0016125490103198427,0.8940705171239058,0
145,150,0.11512296966864348,0.000469197005275868,0.0017252399520687077,0.882682593374012,0
146,151,0.3411605961823466,0.04512471638958433,0.313480605473025,0.3002340819550441,0
147,152,0.3596020493026387,0.0011684995016346292,0.005997855561064846,0.6332315956346618,0
148,153,0.11908184334396874,0.0004859443155313878,0.0017863298261949676,0.878645882514305,0
149,154,0.11877923165154809,0.00047291847779775347,0.001790671570452262,0.8789571783002019,0
150,155,0.11102306684626287,0.0004185564005120504,0.001625992151810937,0.8869323846014142,0
151,156,0.1202891717499815,0.0004952939996359524,0.0018191581549608972,0.8773963760954218,0
152,157,0.5359493929349702,0.02555207050730639,0.08756771541416387,0.35093082114355945,0
153,158,0.15264014208974575,0.12866817146312245,0.5801841413875958,0.13850754505953597,0
154,159,0.19721944922410903,0.0005708414410929347,0.0028483861384670673,0.7993613231963309,0
155,160,0.14268933300053108,0.0004957910034262428,0.0028337743328904616,0.8539811016631522,0
156,161,0.1214652904309838,0.5506919472279522,0.256541336078831,0.0713014262622329,0
157,162,0.09105752618205334,0.6120914281376807,0.2575353598089863,0.039315685871279656,0
158,163,0.0826432261267745,0.560835929640643,0.32179707126370133,0.034723772968881156,0
159,164,0.0780175942280241,0.459709491841559,0.4236125716415937,0.03866034228882323,0
160,165,0.12576007217628044,0.0004111783091997326,0.0017852927234582887,0.8720434567910614,0
161,166,0.47902900410950017,0.02530536682550605,0.13997118652502613,0.3556944425399677,0
162,167,0.14341424037392564,0.000487646100286649,0.00232625680515485,0.8537718567206328,0
163,168,0.45598165948461167,0.0017183417811559604,0.011061052708036754,0.5312389460261957,0
164,169,0.14727072526026166,0.0004963693314370956,0.0021544746588792606,0.8500784307494219,0
165,170,0.09291640237746099,0.5390368790454466,0.3330061921000898,0.03504052647700255,0
166,171,0.10434835340983531,0.0004048271720749964,0.0015469261616299775,0.8936998932564597,0
167,172,0.12032302075566688,0.0004951784724573885,0.0018189049443417306,0.8773628958275339,0
168,173,0.15688341569006908,0.0005450454001602999,0.0031626439670883514,0.8394088949426823,0
169,174,0.12214954917665094,0.0004378852413287927,0.0017827922741373362,0.8756297733078829,0
170,175,0.10553004761182812,0.000403825831439469,0.0015464920358829895,0.8925196345208495,0
171,176,0.11951875680440799,0.0004925055641285201,0.0018087263745576174,0.8781800112569058,0
172,177,0.274425481557436,0.0008193381969504303,0.004480373215367403,0.7202748070302462,0
173,178,0.11800543126765153,0.00044158657696720594,0.0018069783880912049,0.8797460037672901,0
174,179,0.33411002729481715,0.0010004892856368814,0.005371555317147109,0.6595179281023988,0
175,180,0.14016302675484962,0.00045388388550330266,0.002200358096882545,0.8571827312627647,0
176,181,0.32478824231559894,0.00106372605064198,0.005582768334757644,0.6685652632990015,0
177,182,0.19112399004081387,0.0005713320377688407,0.0026533331583432616,0.805651344763074,0
178,183,0.11368152116156223,0.0004528775831060706,0.0018177400235815208,0.88404786123175,0
179,184,0.11895017291672931,0.0004891925240611297,0.0017968048777643772,0.8787638296814453,0
180,185,0.10963596497328551,0.00036279885185719194,0.0015987319409163916,0.8884025042339408,0
181,186,0.14980993218620992,0.45662926928347936,0.3136285903583843,0.07993220817192638,0
182,187,0.11952482488782817,0.0004925654710150067,0.0018088398702651896,0.8781737697708916,0
183,188,0.5409452554349875,0.004049371017318404,0.026002815330219333,0.4290025582174748,0
184,189,0.16002669131003552,0.0004974097578056978,0.0025960870367242256,0.8368798118954346,0
185,190,0.11829707036244648,0.0004455094123448416,0.0018239484630938297,0.8794334717621148,0
186,191,0.251717835920934,0.0007924707193502865,0.003673793725337826,0.7438158996343779,0
187,192,0.10190889714147501,0.0004013634315604289,0.0016030574245563668,0.8960866820024082,0
188,193,0.30240880211212134,0.0008464866153699448,0.0044009367850829095,0.6923437744874258,0
189,194,0.1213052616383297,0.000463773436794389,0.00189086545500126,0.8763400994698747,0
190,195,0.48681697488299897,0.004449989934185331,0.015888428260102127,0.49284460692271365,0
191,196,0.1408784775396302,0.0004639376111161247,0.0019769329604659228,0.8566806518887878,0
192,197,0.5453848049241835,0.0053185422319038085,0.024386108195031755,0.42491054464888095,0
193,198,0.4573031588516002,0.0013099188699660928,0.007321564734500596,0.5340653575439331,0
194,199,0.11930066873445745,0.0004916000145091545,0.0018053504139158706,0.8784023808371175,0
195,200,0.10829482490559998,0.00042055566182222536,0.001669005881125909,0.8896156135514519,0
196,201,0.12519640290968134,0.0004784530102832603,0.0019340620066076108,0.8723910820734279,0
197,202,0.11871684157708175,0.00045005417392939755,0.0018206046173088971,0.8790124996316799,0
198,203,0.17848808184598136,0.0006870359032546831,0.0035570736908723654,0.8172678085598917,0
199,204,0.11952482488782817,0.0004925654710150067,0.0018088398702651896,0.8781737697708916,0
200,205,0.20441183650675868,0.0006921054712008681,0.003943320340439876,0.7909527376816007,0
201,206,0.11924162512749917,0.0004910761453621037,0.0018034956440910583,0.8784638030830476,0
202,207,0.11489852033882109,0.0004654095513480119,0.0017115100678864118,0.8829245600419445,0
203,208,0.10625960264646428,0.00040366949795518934,0.0015617482661453236,0.8917749795894351,0
204,209,0.43239068498194855,0.0018941456261077438,0.010434216565048204,0.5552809528268956,0
205,210,0.1182762959211624,0.00042581657058961183,0.0021848337114859034,0.8791130537967621,0
206,211,0.2574006167438412,0.06496999410370442,0.467296506479238,0.21033288267321643,0
207,212,0.16181075301073988,0.0005442626402776018,0.003256400331672369,0.8343885840173102,0
208,213,0.2105823047534928,0.0006802179918665838,0.003036266007884299,0.7857012112467564,0
209,214,0.1189180724228664,0.0004885582168649786,0.001795159112197895,0.8787982102480707,0
210,215,0.2484368181037973,0.0007689378825434098,0.003829171039827218,0.746965072973832,0
211,216,0.4835457325082862,0.0020356342094012304,0.01255682105465501,0.5018618122276576,0
212,217,0.12253546186861594,0.00047067003313050834,0.0017675773722748464,0.8752262907259786,0
213,218,0.21286368422449342,0.0006699927659939111,0.003139416614178018,0.7833269063953346,0
214,219,0.30924391874599927,0.001026427396303272,0.005196616590212037,0.6845330372674855,0
215,220,0.11362574312913139,0.0004501578805950001,0.0017485577624171027,0.8841755412278565,0
216,221,0.11916824748861232,0.0004702740870213485,0.0018008955426484965,0.8785605828817179,0
217,222,0.14058493510369988,0.0004750405364779217,0.0020696447368631944,0.856870379622959,0
218,223,0.3127972890839063,0.0011702705387395837,0.006118273513253336,0.6799141668641009,0
219,224,0.5507516548300481,0.003914758284172342,0.027316770737114252,0.41801681614866537,0
220,225,0.3240369495442634,0.0010362430415963321,0.0051615291769459785,0.6697652782371942,0
221,226,0.5972941343486281,0.013851906442211544,0.06894755999787927,0.319906399211281,0
222,227,0.14661880676433525,0.0005302900185354915,0.00275588510840675,0.8500950181087225,0
223,228,0.5193813510310591,0.019177158367088686,0.06559207300109969,0.3958494176007526,0
224,229,0.1180437039161369,0.1710880881577753,0.6206675670174779,0.09020064090860985,0
225,230,0.10845953002042528,0.6031523235854428,0.2379873729343993,0.05040077345973261,0
226,231,0.0,0.0,1.0,0.0,1
227,232,0.5279617993735405,0.004879882874129029,0.03351112127039369,0.43364719648193684,0
228,233,0.22495496325565478,0.08566559809307417,0.4826976365557721,0.20668180209549897,0
229,234,0.0,1.0,0.0,0.0,1
230,235,0.15905224515077884,0.0005041670825694494,0.0023986975752995758,0.8380448901913522,0
231,236,0.14766576167572695,0.5174120740512045,0.2470286055957152,0.08789355867735348,0
232,237,0.11452743677872369,0.5689827829642765,0.24960053481807856,0.06688924543892119,0
233,238,0.12981183085405176,0.4072562677566028,0.39196949098676026,0.07096241040258523,0
234,239,0.10495224473379262,0.5557474533910511,0.29017454527117065,0.04912575660398556,0
235,240,0.11708254570566876,0.000476183281480624,0.0017595706837248283,0.8806817003291257,0
236,241,0.11916016253236791,0.00041995990902315983,0.0017692495647068198,0.8786506279939021,0
237,242,0.128913817797465,0.0004523104108613407,0.0020116596033787934,0.8686222121882948,0
238,243,0.2132407081706454,0.0006860986778357259,0.00370930094154983,0.782363892209969,0
239,244,0.5186443244678864,0.0026269034804628747,0.01888718038098231,0.45984159167066835,0
240,245,0.11966913574309064,0.0004932970913485802,0.0018115957795212482,0.8780259713860395,0
241,246,0.14824719655962615,0.37105101617842035,0.37659297279000614,0.10410881447194734,0
242,247,0.16978598015517637,0.000520228967528542,0.0023957565791012706,0.8272980342981938,0
243,248,0.11188844552747447,0.00036269818734503266,0.0015463805173922675,0.8862024757677883,0
244,249,0.10390412821598041,0.610509811245582,0.22124730984568905,0.0643387506927485,0
245,250,0.1940870698449578,0.0006658667531384445,0.0032453683234999224,0.8020016950784039,0
246,251,0.1187536395849695,0.0004884464988157712,0.0017941065698313776,0.8789638073463834,0
247,252,0.11423954306414368,0.00043203244427380004,0.0022215455195058733,0.8831068789720767,0
248,253,0.11942086599701275,0.0004919693381923884,0.0018067354771140976,0.8782804291876808,0
249,254,0.20898073189258057,0.0006365085228579883,0.002891850327077048,0.7874909092574846,0
250,255,0.6429971251844274,0.003167059141944369,0.018811553050203694,0.33502426262342455,0
251,256,0.5030790856460022,0.0018588469981344505,0.010233736484378775,0.48482833087148447,0
252,257,0.09618015704729854,0.0003194082470148091,0.0015350604109533302,0.9019653742947332,0
253,258,0.47856775884769076,0.0015776787341971487,0.006744337642510256,0.5131102247756019,0
254,259,0.2625010229215545,0.0010586744266891746,0.006036000102187348,0.7304043025495689,0
255,260,0.6182448216223816,0.003998184136512634,0.020555014303837514,0.3572019799372682,0
256,261,0.5451050706858334,0.009051958130036043,0.06278197309094138,0.3830609980931893,0
257,262,0.1316971066909915,0.33003311086902365,0.4241722134579667,0.11409756898201823,0
258,263,0.11329533084898324,0.44876915333075423,0.37801024408888007,0.059925271731382346,0
